Edge	8	1	10	0	0	0	371	-1
	Sequence	+edge_5_0_-disjointig_1_292982_465875 172893 -1 3304699 292982 465875
Edge	9	9	0	0	0	0	371	-1
	Sequence	-edge_5_0_-disjointig_1_292982_465875 172893 1 3304699 2838823 3011716
Edge	10	8	15	0	0	0	322	-1
	Sequence	+edge_6_0_-disjointig_1_471456_717437 245981 -1 3304699 471456 717437
Edge	11	13	12	0	0	0	322	-1
	Sequence	-edge_6_0_-disjointig_1_471456_717437 245981 1 3304699 2587261 2833242
Edge	12	11	18	0	0	0	282	-1
	Sequence	+edge_7_0_-disjointig_1_722667_962478 239811 -1 3304699 722667 962478
Edge	13	17	21	0	0	0	282	-1
	Sequence	-edge_7_0_-disjointig_1_722667_962478 239811 1 3304699 2342220 2582031
Edge	14	7	6	0	0	0	376	-1
	Sequence	+edge_8_0_+disjointig_1_3016980_3088203 71223 1 3304699 3016980 3088203
Edge	15	3	2	0	0	0	376	-1
	Sequence	-edge_8_0_+disjointig_1_3016980_3088203 71223 -1 3304699 216495 287718
Edge	16	5	14	0	0	0	366	-1
	Sequence	+edge_9_0_+disjointig_1_3093671_3304697 211026 1 3304699 3093671 3304697
Edge	17	16	4	0	0	0	366	-1
	Sequence	-edge_9_0_+disjointig_1_3093671_3304697 211026 -1 3304699 1 211027
Edge	18	14	20	0	0	0	253	-1
	Sequence	+edge_10_0_+disjointig_1_109701_2336760 2227059 1 3304699 109701 2336760
Edge	19	19	16	0	0	0	253	-1
	Sequence	-edge_10_0_+disjointig_1_109701_2336760 2227059 -1 3304699 967938 3194997
Edge	20	20	17	0	0	0	267	-1
	Sequence	+edge_11_0_+SRR24651220.60941_24050_29472 5422 * 0 0 0
Edge	21	18	19	0	0	0	267	-1
	Sequence	-edge_11_0_+SRR24651220.60941_24050_29472 5422 * 0 0 0
Edge	22	21	13	0	0	0	302	-1
	Sequence	+edge_12_0_-SRR24651220.14400_10367_15564 5197 * 0 0 0
Edge	23	15	11	0	0	0	302	-1
	Sequence	-edge_12_0_-SRR24651220.14400_10367_15564 5197 * 0 0 0
Edge	24	12	9	0	0	0	346	-1
	Sequence	+edge_13_0_-SRR24651220.164681_3217_8761 5544 * 0 0 0
Edge	25	10	8	0	0	0	346	-1
	Sequence	-edge_13_0_-SRR24651220.164681_3217_8761 5544 * 0 0 0
Edge	26	6	5	0	0	0	371	-1
	Sequence	+edge_14_0_+SRR24651220.244861_4917_10352 5435 * 0 0 0
Edge	27	4	3	0	0	0	371	-1
	Sequence	-edge_14_0_+SRR24651220.244861_4917_10352 5435 * 0 0 0
Edge	28	2	1	0	0	0	373	-1
	Sequence	+edge_15_0_+SRR24651220.13976_8314_13539 5225 * 0 0 0
Edge	29	0	7	0	0	0	373	-1
	Sequence	-edge_15_0_+SRR24651220.13976_8314_13539 5225 * 0 0 0
